# Ep lEiso
1.030 -13.782
1.065 -13.364
1.262 -13.418
1.380 -12.735
1.442 -13.546
1.585 -13.513
1.673 -12.227
1.752 -13.482
1.900 -13.936
1.908 -14.276
2.057 -13.426
2.315 -13.812
2.411 -13.865
2.608 -13.168
2.799 -13.703
2.878 -13.709
3.287 -13.346
3.376 -13.654
3.590 -14.751
3.647 -13.939
3.800 -13.787
3.826 -13.540
3.925 -13.865
4.088 -14.116
4.225 -13.546
4.431 -13.989
4.439 -13.794
4.569 -13.547
4.678 -13.572
4.760 -13.773
5.808 -13.543
5.862 -15.240
5.953 -13.995
6.303 -14.350
6.722 -13.527
6.766 -13.718
7.278 -13.693
7.586 -14.309
7.627 -14.870
8.191 -13.603
8.441 -14.106
8.643 -13.818
9.005 -14.987
9.070 -15.115
9.168 -13.970
9.414 -14.496
9.996 -13.851
10.968 -14.098
11.055 -13.359
11.120 -14.773
11.217 -13.468
11.400 -15.643
11.853 -14.257
12.037 -14.305
12.587 -13.568
12.663 -14.471
12.904 -14.680
14.445 -14.241
14.788 -14.518
15.901 -14.180
15.904 -14.063
16.508 -15.232
16.976 -15.120
17.760 -14.546
17.808 -14.720
18.390 -14.922
18.739 -13.596
19.811 -14.724
19.915 -14.812
20.288 -13.785
20.841 -15.296
20.846 -15.321
20.980 -13.823
21.223 -14.618
21.649 -15.798
21.933 -14.503
22.104 -14.619
22.839 -14.680
23.378 -14.343
23.402 -14.217
23.746 -14.765
23.861 -14.639
24.003 -14.841
24.299 -14.382
24.653 -14.536
24.809 -14.654
24.951 -14.890
25.724 -14.087
25.820 -14.808
25.959 -14.776
26.101 -14.616
26.441 -14.303
26.467 -14.324
26.508 -14.853
27.032 -14.878
27.166 -14.299
27.535 -14.702
28.349 -14.641
28.627 -14.835
28.639 -14.412
28.911 -14.936
28.938 -15.462
28.969 -14.619
29.012 -14.718
29.115 -13.767
29.266 -14.455
29.304 -14.628
29.625 -14.095
29.947 -14.259
30.050 -14.744
30.216 -14.694
30.234 -14.326
30.417 -14.554
30.652 -14.874
30.678 -14.421
30.832 -14.242
31.009 -14.857
32.582 -15.190
32.605 -14.531
32.808 -14.091
33.067 -15.125
33.133 -14.238
33.189 -14.340
33.431 -14.413
33.561 -14.522
33.637 -14.854
34.319 -14.404
34.391 -14.236
34.579 -13.732
34.867 -14.861
35.008 -14.464
35.354 -15.420
35.491 -14.676
35.745 -14.499
35.780 -14.430
36.312 -14.830
36.381 -14.854
36.894 -14.623
36.924 -15.276
37.230 -14.396
37.444 -13.914
37.498 -14.499
37.549 -14.129
38.045 -14.153
38.108 -13.863
38.182 -15.136
38.764 -14.731
38.834 -14.596
39.682 -14.791
39.721 -14.227
39.725 -14.893
40.545 -14.454
40.709 -14.543
40.983 -15.193
41.287 -14.712
41.727 -14.675
41.876 -14.640
41.911 -14.750
42.394 -14.771
42.533 -14.529
42.622 -14.569
42.849 -14.482
42.867 -13.954
43.053 -14.346
43.153 -14.328
43.585 -14.566
43.900 -14.198
44.820 -14.187
44.911 -14.441
45.094 -14.405
45.206 -14.323
45.441 -14.679
45.456 -14.968
45.999 -15.228
46.144 -14.628
46.211 -14.273
46.396 -13.508
46.418 -14.649
46.594 -14.332
46.679 -15.954
46.872 -14.247
47.248 -14.548
47.321 -15.014
47.425 -14.767
47.441 -14.012
47.998 -14.699
48.407 -13.891
48.574 -14.174
48.626 -14.903
48.937 -14.807
49.062 -14.122
49.192 -14.371
49.196 -14.475
49.356 -14.346
49.855 -13.830
50.135 -14.742
50.407 -13.742
50.555 -14.888
50.656 -14.863
50.728 -14.147
50.788 -14.369
50.885 -13.409
51.405 -14.227
51.553 -14.523
51.857 -14.752
51.931 -14.311
51.960 -14.443
52.122 -14.360
52.304 -14.795
52.428 -13.887
52.636 -14.230
52.707 -14.562
52.829 -13.987
53.398 -14.517
53.770 -14.916
53.857 -14.849
53.873 -14.292
53.972 -14.669
54.162 -14.619
54.239 -13.877
54.676 -14.739
56.088 -15.073
56.133 -13.775
56.208 -14.958
56.221 -14.248
56.651 -14.023
56.831 -14.411
56.950 -14.462
56.953 -14.940
57.068 -13.905
57.726 -14.330
57.759 -15.192
57.869 -13.943
58.726 -14.945
59.113 -14.527
59.393 -13.651
60.169 -14.071
60.691 -13.653
60.749 -14.117
61.225 -14.342
61.292 -14.555
61.666 -14.394
61.711 -13.507
61.920 -14.732
61.992 -15.270
61.998 -14.314
62.380 -14.171
62.660 -14.158
63.465 -14.136
63.477 -14.239
63.832 -14.546
64.099 -14.647
64.121 -15.555
64.765 -14.645
64.769 -14.166
64.774 -13.822
64.907 -14.184
64.965 -13.555
65.218 -14.632
65.424 -14.079
65.501 -14.369
65.517 -14.702
65.692 -14.295
66.521 -14.281
67.634 -14.412
67.645 -14.904
67.832 -14.848
68.472 -14.576
68.603 -14.124
68.682 -14.157
68.757 -14.331
69.029 -14.116
69.305 -14.554
69.332 -14.229
69.379 -13.984
69.449 -14.203
69.916 -14.358
70.137 -14.360
70.433 -14.765
70.505 -14.086
70.523 -14.392
70.595 -14.856
70.724 -14.618
70.945 -14.412
71.203 -14.449
71.336 -13.334
71.574 -14.179
71.652 -14.360
72.338 -14.342
72.353 -14.302
72.658 -14.700
72.665 -14.712
73.365 -14.003
74.183 -14.415
74.421 -14.049
74.839 -14.476
75.503 -14.665
75.737 -14.654
76.821 -14.992
77.275 -14.538
77.370 -14.436
77.405 -14.236
77.702 -13.904
78.008 -14.303
78.078 -14.344
78.387 -13.935
78.500 -14.873
79.043 -13.528
79.068 -14.682
79.091 -14.107
79.469 -14.461
79.684 -14.339
79.781 -14.282
79.964 -14.423
80.209 -14.776
80.482 -14.593
80.682 -14.313
81.051 -14.551
81.068 -14.829
81.110 -13.795
82.489 -14.041
82.776 -13.798
83.829 -14.054
83.861 -14.238
84.284 -15.331
84.484 -14.234
85.169 -14.058
85.348 -14.563
85.543 -14.250
85.638 -15.042
85.653 -13.913
85.665 -14.429
85.826 -14.731
85.957 -14.111
86.031 -15.135
86.270 -14.099
87.105 -14.502
87.882 -13.673
88.082 -14.554
88.585 -14.005
88.952 -14.157
89.555 -14.147
89.564 -13.488
89.934 -14.438
90.187 -14.644
90.554 -14.212
90.898 -14.739
90.911 -14.083
91.059 -14.835
91.440 -13.975
91.578 -14.740
91.619 -14.241
91.732 -14.700
92.150 -13.960
92.417 -14.985
92.642 -14.369
93.489 -14.292
93.669 -13.984
94.670 -14.348
94.721 -14.184
95.369 -13.812
95.442 -14.746
95.598 -13.440
95.614 -13.885
95.668 -14.845
95.885 -13.629
96.359 -14.862
98.276 -14.310
98.396 -15.284
98.405 -13.982
99.290 -14.112
100.391 -14.578
100.591 -14.092
100.915 -14.701
100.985 -13.355
101.254 -13.916
101.393 -13.785
101.485 -13.976
101.500 -14.112
102.541 -14.423
103.815 -14.630
104.187 -13.673
104.596 -14.518
105.214 -13.545
105.517 -14.377
105.588 -14.017
106.623 -13.835
107.360 -13.777
107.874 -13.916
108.378 -14.150
108.733 -14.243
108.794 -13.889
108.880 -15.400
109.243 -14.321
109.670 -14.465
110.106 -14.188
110.391 -14.272
110.564 -13.721
110.745 -13.879
110.840 -14.473
110.843 -14.608
111.474 -14.230
111.577 -14.335
111.711 -13.994
111.898 -13.873
112.619 -14.246
112.753 -13.831
112.826 -14.288
113.373 -14.445
113.614 -13.845
113.878 -14.243
114.471 -14.653
114.712 -13.481
115.112 -14.427
117.247 -13.434
117.459 -14.298
117.855 -14.004
118.094 -14.135
118.180 -13.701
118.269 -14.092
118.447 -13.447
118.937 -14.027
119.962 -14.716
120.297 -13.810
120.370 -14.094
120.389 -14.286
120.474 -14.163
120.605 -14.584
120.877 -14.044
120.932 -14.080
120.941 -13.994
120.947 -14.729
121.295 -13.929
121.475 -14.978
122.407 -14.184
122.780 -13.932
122.851 -13.962
122.972 -14.023
123.069 -13.912
123.480 -13.792
123.561 -13.481
123.814 -13.312
123.846 -13.649
123.899 -13.397
124.949 -13.821
125.004 -14.255
125.969 -14.002
126.003 -14.705
126.047 -14.171
126.453 -14.020
126.470 -14.208
127.042 -14.030
127.248 -14.339
127.282 -14.314
127.379 -14.343
127.831 -13.814
128.262 -14.056
128.405 -13.622
128.561 -14.037
128.829 -12.972
129.397 -13.900
130.028 -14.206
130.173 -12.877
130.311 -13.567
130.605 -13.746
130.912 -13.774
131.349 -13.947
132.172 -14.186
132.670 -13.797
132.840 -14.409
133.150 -14.126
133.195 -13.463
133.888 -14.326
133.958 -14.069
134.526 -13.945
134.829 -13.844
135.420 -14.337
136.253 -14.005
136.784 -13.359
137.135 -14.141
137.718 -13.854
137.718 -14.209
137.781 -13.756
137.883 -14.309
138.618 -14.453
138.694 -14.107
141.009 -14.561
141.032 -14.647
141.187 -13.543
142.016 -14.111
142.916 -13.887
142.989 -14.241
143.137 -14.080
143.286 -14.308
143.343 -14.163
143.904 -14.207
144.226 -13.165
144.628 -14.693
144.746 -14.122
144.890 -13.796
145.019 -13.925
145.066 -13.494
145.097 -13.420
145.153 -13.841
145.338 -13.873
145.544 -13.368
146.888 -13.769
147.225 -13.993
147.295 -13.887
148.491 -14.303
148.603 -13.738
148.918 -13.930
149.297 -14.057
149.485 -14.341
151.558 -13.752
151.645 -14.140
151.779 -14.111
152.580 -13.698
152.861 -14.470
153.840 -13.933
154.912 -14.251
154.967 -13.934
155.420 -14.137
156.343 -14.457
156.989 -14.191
157.224 -14.263
157.869 -14.274
158.357 -13.880
158.588 -14.994
158.694 -13.989
158.968 -13.661
160.115 -13.770
160.277 -13.705
160.591 -13.692
160.939 -13.744
161.059 -13.661
161.300 -13.191
161.684 -14.326
162.499 -13.667
162.627 -13.378
162.703 -14.249
162.733 -13.435
162.736 -13.568
162.888 -14.226
162.944 -14.015
163.620 -14.294
164.066 -13.740
164.204 -14.124
165.022 -13.256
166.218 -14.002
166.338 -14.038
166.588 -14.046
166.991 -13.151
167.347 -13.537
167.416 -13.950
168.829 -14.277
169.220 -13.722
170.037 -13.589
170.104 -13.924
170.204 -14.616
170.240 -13.653
170.300 -13.990
170.397 -14.988
170.708 -13.974
171.536 -14.024
171.627 -14.640
171.694 -13.974
171.841 -14.325
172.646 -13.854
172.900 -14.116
174.609 -13.740
175.072 -13.562
175.627 -13.819
175.890 -13.942
176.243 -13.791
177.001 -13.314
177.318 -13.616
177.646 -13.253
179.193 -14.060
180.686 -13.817
181.215 -13.732
183.791 -13.852
184.293 -13.791
184.581 -14.127
185.109 -13.907
185.379 -13.599
185.734 -13.919
186.330 -14.044
186.952 -14.016
187.156 -13.964
187.871 -14.000
188.294 -13.803
188.579 -13.863
188.683 -13.803
188.788 -15.055
189.254 -13.762
189.901 -13.113
189.903 -13.979
190.310 -14.270
190.370 -14.034
190.908 -13.675
191.463 -13.959
192.301 -14.072
195.043 -13.877
195.349 -14.082
196.658 -13.798
196.816 -13.814
197.071 -13.762
197.400 -13.765
199.356 -14.166
199.463 -13.980
199.843 -14.100
200.196 -15.070
200.233 -13.757
202.377 -13.783
202.429 -14.334
202.721 -14.131
203.942 -14.175
203.948 -14.123
204.618 -14.127
205.604 -13.711
206.152 -13.401
206.920 -13.874
207.737 -13.415
208.378 -13.723
208.731 -13.811
210.574 -13.195
210.750 -13.630
211.422 -13.625
211.680 -13.666
211.693 -13.374
212.652 -13.265
213.607 -14.014
213.817 -13.954
215.004 -13.825
215.051 -14.006
216.223 -14.001
216.950 -13.897
217.377 -13.894
217.746 -13.706
219.657 -13.303
219.969 -13.243
220.053 -13.315
221.347 -14.261
221.900 -13.489
222.429 -13.888
223.099 -12.872
223.372 -14.086
224.195 -14.072
224.276 -13.547
225.795 -14.225
225.879 -13.877
226.096 -13.690
226.626 -13.599
227.138 -13.445
227.810 -13.903
228.016 -13.712
228.103 -13.770
228.407 -13.627
228.941 -13.071
229.025 -13.264
232.104 -13.720
232.110 -13.577
232.149 -13.511
232.186 -14.325
232.366 -13.607
232.612 -14.477
233.051 -13.855
233.307 -13.175
233.321 -14.081
233.371 -13.474
233.484 -13.602
234.237 -13.775
236.085 -13.839
237.005 -13.446
237.753 -14.059
237.802 -13.393
238.400 -15.595
240.779 -13.634
241.043 -14.420
241.101 -13.333
241.184 -14.232
242.161 -13.706
242.223 -15.622
243.166 -13.654
244.683 -13.094
244.730 -13.455
244.855 -13.846
245.137 -13.456
246.250 -13.139
247.775 -13.044
247.819 -13.827
248.366 -13.880
250.260 -13.452
250.322 -14.099
250.533 -13.527
250.622 -13.893
251.047 -13.267
251.065 -14.097
251.070 -13.019
252.437 -13.709
252.745 -13.734
253.787 -13.469
253.826 -13.883
254.050 -13.389
254.335 -13.567
255.033 -14.123
255.413 -12.865
256.341 -13.768
257.105 -13.077
258.167 -13.471
260.650 -13.557
262.509 -13.823
262.574 -13.600
262.838 -13.479
262.857 -13.398
263.522 -14.018
263.790 -13.683
263.931 -14.071
264.130 -14.086
265.346 -14.028
265.888 -13.669
266.168 -13.789
266.854 -13.500
267.879 -13.157
269.236 -13.216
269.676 -13.399
270.374 -13.384
272.065 -13.485
272.631 -13.712
272.802 -13.490
273.086 -13.155
274.802 -13.175
274.872 -13.865
276.438 -13.276
277.689 -15.205
279.671 -14.143
279.820 -13.604
282.482 -13.328
284.756 -13.626
284.909 -13.521
285.358 -13.380
285.934 -13.814
286.175 -14.041
286.343 -12.812
291.198 -13.428
292.221 -13.658
292.263 -14.067
292.749 -14.285
292.830 -14.600
294.193 -13.590
296.757 -13.470
297.361 -13.606
298.644 -13.685
298.715 -13.226
300.186 -13.904
300.202 -13.423
300.759 -13.403
300.968 -13.578
302.332 -13.744
302.935 -13.360
303.528 -13.081
303.532 -13.447
304.793 -13.471
305.368 -13.445
305.912 -13.584
306.290 -13.313
306.896 -13.628
307.732 -13.316
308.484 -13.101
310.284 -13.716
310.742 -13.341
310.827 -13.435
311.244 -13.860
313.335 -13.455
314.001 -13.872
315.747 -13.153
316.685 -12.796
316.926 -13.618
317.067 -13.874
319.146 -13.183
319.675 -13.725
320.027 -12.862
320.040 -12.591
321.230 -12.980
323.285 -13.568
325.321 -13.843
325.706 -13.683
325.764 -13.949
327.275 -13.572
327.292 -13.316
329.067 -13.541
330.593 -13.536
330.717 -13.457
330.801 -13.796
330.903 -14.144
332.149 -13.300
332.298 -12.971
334.263 -13.708
334.318 -13.992
335.202 -13.056
337.810 -12.912
338.765 -13.478
340.586 -13.610
342.447 -13.410
342.744 -13.848
342.882 -13.596
344.083 -14.554
344.145 -13.782
344.175 -13.772
344.493 -13.163
345.515 -13.066
346.176 -12.983
349.150 -12.938
349.521 -13.097
350.498 -13.182
354.686 -12.632
355.032 -13.397
355.746 -13.378
356.275 -13.192
358.420 -13.359
360.896 -13.020
361.340 -13.497
361.547 -13.421
361.986 -13.502
363.159 -13.629
365.121 -13.471
365.741 -13.005
366.467 -12.964
367.788 -13.440
368.040 -13.014
368.100 -13.659
368.915 -13.309
369.312 -13.544
371.715 -13.272
374.247 -13.107
377.851 -13.069
378.673 -13.735
381.505 -13.506
385.615 -13.345
386.010 -12.892
386.295 -13.169
387.338 -13.275
388.489 -12.973
390.291 -13.552
390.669 -12.828
390.794 -13.158
390.999 -13.257
391.600 -13.634
391.686 -13.387
394.440 -13.514
396.318 -13.334
397.135 -13.104
399.825 -13.201
400.006 -12.911
401.248 -13.592
402.701 -12.469
403.119 -12.930
403.468 -13.558
403.480 -13.099
411.244 -13.503
412.098 -13.368
413.715 -13.208
414.479 -13.303
415.383 -13.788
426.563 -12.752
428.441 -13.419
428.871 -13.748
432.127 -13.162
432.256 -14.285
432.974 -13.241
433.474 -13.292
439.595 -13.335
442.048 -13.199
444.451 -13.806
445.589 -13.043
445.640 -13.377
447.295 -13.382
449.500 -12.704
456.627 -13.254
457.733 -12.579
459.928 -12.571
461.465 -13.401
463.313 -13.263
464.918 -13.065
470.914 -12.911
473.796 -13.309
474.193 -13.385
478.071 -13.348
479.385 -13.296
480.811 -13.145
483.383 -13.265
489.573 -13.719
492.748 -13.733
494.003 -13.255
500.754 -12.901
502.160 -13.144
507.024 -13.671
512.332 -13.021
514.281 -13.316
517.235 -13.322
520.003 -13.835
525.948 -13.427
526.556 -13.693
526.888 -13.187
526.930 -12.793
531.326 -13.468
534.551 -12.659
535.765 -13.123
540.710 -13.179
543.556 -13.038
548.647 -13.374
551.443 -12.419
557.967 -12.844
561.483 -13.024
564.989 -13.111
565.545 -13.000
566.433 -13.415
566.499 -13.231
568.733 -13.384
570.540 -13.890
585.730 -13.465
590.928 -13.195
594.969 -13.408
595.146 -12.919
595.281 -13.124
596.767 -13.504
603.541 -13.095
604.436 -13.013
608.645 -12.784
609.452 -12.813
619.630 -12.529
622.309 -12.257
630.298 -13.129
631.335 -13.022
647.568 -12.645
649.462 -12.773
650.895 -12.610
651.323 -13.271
652.104 -13.521
657.678 -12.956
662.621 -12.645
663.462 -13.655
666.634 -12.926
667.451 -12.711
667.512 -13.200
668.893 -13.073
673.533 -12.194
692.846 -13.414
693.756 -12.415
698.221 -13.309
712.644 -13.096
717.100 -13.277
718.861 -13.413
722.851 -13.000
730.413 -12.475
732.925 -12.744
750.840 -13.244
759.741 -12.642
765.702 -13.435
770.068 -13.265
774.847 -13.036
786.708 -12.965
804.093 -12.745
809.297 -13.004
810.797 -13.722
813.004 -12.117
814.219 -13.230
824.591 -12.736
825.897 -13.020
827.530 -12.988
841.517 -12.515
849.247 -12.591
857.910 -12.144
860.935 -12.805
910.195 -12.413
938.835 -12.234
938.920 -12.740
970.490 -12.535
973.934 -12.581
1058.022 -12.425
1073.756 -12.915
1101.602 -12.891
1111.406 -12.329
1116.714 -12.470
1119.245 -12.607
1122.447 -12.122
1137.349 -12.433
1142.280 -12.579
1282.371 -12.196
1284.435 -13.661
1303.474 -12.916
1325.036 -11.902
1366.988 -12.660
1370.396 -11.961
1534.371 -12.771
1665.164 -11.468
1802.430 -11.864
2574.583 -12.039
3084.410 -12.650
